100
100 100
39 20
89 12
46 28
30 43
76 52
24 5
3 31
16 20
11 42
14 47
33 37
47 12
99 28
18 8
11 72
15 7
45 26
17 50
10 17
6 49
44 13
7 17
37 19
44 18
50 82
8 13
57 98
70 50
4 13
2 38
16 24
32 47
2 16
19 9
16 19
28 39
33 28
34 12
50 50
35 24
11 43
7 6
23 25
73 32
1 32
41 31
79 42
30 38
42 23
17 10
85 49
17 6
41 46
22 37
3 49
35 27
84 32
18 21
40 43
50 15
80 22
7 100
87 15
41 14
39 47
17 80
48 4
20 45
15 20
29 36
2 20
77 82
8 27
24 86
20 7
50 36
5 49
49 42
20 2
5 2
27 3
44 4
20 13
2 68
9 24
44 72
44 24
37 33
38 10
42 2
46 25
1 50
13 15
36 40
11 80
27 10
2 30
35 78
75 58
47 22
