100
100 100
50 50
59 61
1 48
22 71
16 27
92 29
5 37
5 69
12 90
31 8
76 35
6 7
84 95
21 48
49 31
28 1
14 23
2 87
38 36
46 31
30 89
38 9
34 16
34 26
14 8
17 7
96 74
27 5
13 10
45 93
82 65
48 72
14 45
41 38
48 1
4 14
7 5
11 10
22 19
1 15
27 91
35 30
31 40
18 36
20 14
35 6
91 86
1 70
21 72
37 33
44 18
23 42
65 90
50 1
13 27
21 4
36 34
2 23
82 90
27 50
46 25
38 27
3 96
4 34
32 70
35 26
20 18
43 48
19 31
18 35
67 26
20 9
36 15
21 35
40 4
17 86
34 39
34 28
14 19
50 4
25 17
34 78
50 26
35 84
78 36
25 25
14 47
91 41
79 29
14 95
33 8
75 25
88 13
18 36
3 29
27 13
26 12
18 49
47 71
33 49
