100
100 100
43 45
44 72
28 22
32 48
6 48
49 1
6 78
13 48
88 77
34 6
31 3
44 2
18 86
17 1
94 48
17 84
16 9
66 81
76 40
18 30
20 35
24 34
9 67
10 50
9 3
72 14
12 25
11 41
69 71
54 85
18 36
1 80
61 62
27 41
31 3
74 29
18 98
8 31
30 5
86 39
4 40
98 13
19 9
81 16
15 33
44 9
16 37
48 27
2 30
40 34
92 22
46 28
7 33
22 17
6 79
84 22
3 10
31 13
12 28
98 72
88 88
48 46
86 33
49 40
30 7
3 38
12 15
24 89
4 50
26 45
10 34
7 3
39 18
30 39
81 33
23 35
37 2
47 21
47 20
61 70
93 41
31 21
48 47
37 6
21 14
5 91
8 42
28 44
48 22
30 2
23 10
43 26
39 1
45 15
10 9
11 37
4 40
48 30
19 93
22 2
