100
100 100
25 34
87 63
73 99
92 97
72 97
99 99
70 73
70 19
65 69
54 53
90 58
20 90
76 87
97 54
94 55
66 84
89 99
72 50
92 75
7 80
77 96
52 53
63 73
68 91
98 75
81 54
53 58
78 55
53 99
71 57
91 95
69 96
92 99
57 52
56 77
15 27
93 52
73 99
15 72
52 76
67 15
66 84
65 90
92 84
68 70
5 99
89 69
10 80
79 82
79 55
83 100
66 59
80 62
89 56
58 83
92 10
55 81
67 91
40 3
79 74
47 30
61 79
23 81
53 76
20 85
75 86
11 44
29 13
93 99
84 31
18 68
19 2
93 100
93 83
89 54
74 59
85 76
83 73
55 87
81 99
87 63
2 71
82 57
68 23
68 84
77 97
52 84
100 76
19 99
58 67
73 9
75 74
56 60
62 87
71 82
67 65
99 42
51 88
64 60
55 89
