100
100 100
52 71
59 61
1 48
22 71
87 83
92 29
61 98
5 69
12 90
94 75
76 35
76 98
84 95
75 63
49 31
54 86
51 71
2 87
53 69
46 31
30 89
38 9
34 16
34 26
64 57
75 51
96 74
100 56
69 69
45 93
82 65
48 72
62 85
60 52
67 95
68 93
66 96
72 73
65 65
85 60
27 91
100 59
31 40
60 81
79 56
96 97
91 86
1 70
21 72
62 82
70 74
79 72
65 90
70 94
13 27
98 90
83 63
78 78
82 90
63 91
61 76
38 27
3 96
92 63
32 70
89 95
76 95
43 48
68 89
58 94
67 26
70 98
66 63
53 68
67 93
17 86
80 65
90 70
78 53
50 4
56 70
34 78
92 80
35 84
78 36
70 92
86 88
91 41
79 29
14 95
96 54
75 25
88 13
56 88
3 29
80 74
93 100
51 54
47 71
90 95
