100
100 100
59 83
44 72
71 100
92 66
65 85
72 83
6 78
75 50
88 77
34 6
85 65
89 73
18 86
17 1
94 48
17 84
66 93
66 81
76 40
66 86
81 54
79 56
9 67
86 84
70 86
72 14
58 66
89 69
69 71
54 85
83 75
1 80
61 62
95 88
54 91
74 29
18 98
66 96
30 5
86 39
4 40
98 13
56 94
81 16
83 96
44 9
57 62
77 87
90 75
63 81
92 22
96 57
64 63
79 54
6 79
84 22
3 10
93 93
92 51
98 72
88 88
95 99
86 33
87 88
76 65
79 75
78 75
24 89
97 64
68 87
80 72
52 95
80 63
92 96
81 33
81 90
55 67
86 76
50 77
61 70
93 41
52 87
65 59
61 88
66 53
5 91
97 89
72 60
100 77
94 89
53 94
90 77
99 88
87 51
64 57
11 37
72 85
83 57
19 93
72 72
