100
100 100
59 99
76 44
95 43
78 13
79 10
27 41
97 37
75 18
78 31
71 18
83 3
68 20
82 7
84 30
100 20
75 49
14 81
31 87
67 56
32 67
70 26
85 52
69 30
76 25
90 46
80 35
73 1
94 27
71 56
81 55
27 11
84 60
70 37
21 46
18 29
64 82
93 43
96 2
66 42
95 45
97 30
77 48
95 26
97 18
67 4
74 7
94 25
30 33
76 20
76 9
77 50
71 19
22 92
51 52
42 94
86 44
25 15
7 83
83 42
87 10
73 2
68 26
94 22
38 30
69 44
97 44
82 98
89 44
87 39
63 75
100 39
72 18
86 44
100 41
100 26
75 6
70 37
100 43
66 8
82 49
100 29
74 47
67 23
67 6
94 31
97 21
83 27
92 9
80 9
55 92
98 37
76 30
69 22
81 32
81 82
92 50
90 47
89 14
27 46
76 35
