100
100 100
99 20
89 12
71 28
95 43
78 44
69 5
82 82
91 20
71 42
89 47
93 37
92 12
99 28
78 8
11 72
15 7
45 26
72 50
80 17
76 49
74 13
82 17
67 19
44 18
95 46
93 13
81 5
70 50
4 13
87 38
71 24
32 47
82 16
79 9
16 19
82 53
88 28
74 12
88 13
35 24
76 43
7 6
73 25
73 32
72 61
100 57
79 42
92 88
97 23
92 10
85 49
72 6
81 46
67 37
88 49
80 27
84 32
78 21
80 43
70 15
80 22
7 100
87 15
66 14
89 47
17 80
68 4
68 56
15 20
84 36
83 58
92 16
83 27
24 86
70 7
85 36
75 49
99 42
90 2
63 76
92 3
44 4
80 13
2 68
94 24
44 72
56 87
76 82
68 10
97 2
91 25
66 50
73 15
76 40
11 80
92 10
67 30
35 78
81 28
47 22
