100
100 100
25 34
68 14
79 14
85 45
84 15
77 3
68 50
70 19
78 19
76 21
90 58
20 90
69 25
100 12
95 26
74 43
73 44
72 50
92 75
7 80
92 38
82 44
83 40
80 12
97 41
69 24
94 47
98 38
91 11
82 7
66 25
77 49
81 40
70 17
97 25
15 27
98 29
73 99
15 72
76 2
67 15
100 12
90 39
98 26
68 70
5 99
68 32
10 80
67 21
100 37
82 19
73 49
80 62
81 40
94 5
92 10
90 32
70 17
40 3
74 6
47 30
77 2
23 81
99 19
20 85
80 8
11 44
29 13
92 43
84 31
18 68
19 2
72 14
97 6
81 3
83 41
82 5
91 26
70 21
90 5
69 19
2 71
66 39
68 23
93 18
98 35
87 31
84 42
19 99
80 49
73 9
90 37
95 34
92 20
92 11
67 65
99 42
80 36
78 24
73 2
