100
100 100
73 36
76 9
88 44
24 36
78 97
93 1
77 45
73 41
76 12
76 8
93 1
67 17
72 5
73 36
83 43
87 56
45 33
78 5
69 44
94 24
9 29
70 50
72 7
67 16
69 2
78 30
83 1
9 78
68 17
98 36
92 29
91 35
84 16
69 14
87 13
99 84
67 9
69 82
63 52
72 51
19 3
80 1
96 25
89 32
78 3
92 53
70 35
24 36
9 88
22 78
67 6
87 7
93 14
34 86
87 56
23 80
88 17
45 26
74 20
87 19
99 8
21 89
36 27
96 10
73 28
100 44
66 18
85 81
43 79
86 13
53 69
34 95
90 2
20 11
87 7
92 40
50 61
85 12
75 21
100 24
82 66
80 8
81 2
49 33
72 36
79 47
81 38
77 27
28 92
91 40
79 4
42 66
70 82
52 65
90 23
78 19
66 4
89 2
80 24
82 6
