100
100 100
90 50
84 26
1 48
22 71
71 27
92 29
100 37
5 69
12 90
91 8
76 35
91 7
89 45
75 63
49 31
54 86
74 23
2 87
78 36
46 31
30 89
38 9
34 16
34 26
99 8
87 7
89 2
100 56
69 69
45 93
98 26
48 72
79 45
60 52
67 95
99 14
92 5
66 10
65 65
85 60
27 91
100 59
31 40
73 36
70 14
75 6
89 16
1 70
21 72
72 33
70 74
93 42
73 14
70 1
13 27
71 4
71 34
87 23
70 25
77 50
71 25
38 27
3 96
92 63
32 70
100 26
85 18
43 48
99 31
98 35
67 26
80 9
76 15
53 68
100 4
17 86
74 39
90 70
99 19
50 4
85 17
34 78
90 26
35 84
78 36
75 25
74 47
91 41
79 29
14 95
98 8
75 25
88 13
83 36
3 29
77 13
66 12
51 54
47 71
73 49
