100
100 100
68 45
44 72
71 100
87 48
76 48
94 1
6 78
75 50
100 48
34 6
85 65
84 2
18 86
17 1
94 48
17 84
71 9
88 50
76 40
73 30
80 35
69 34
9 67
70 50
89 3
72 14
87 25
86 41
98 21
97 37
83 36
1 80
83 47
95 88
81 3
74 29
18 98
83 31
30 5
86 39
4 40
98 13
89 9
81 16
83 96
44 9
81 37
77 87
77 30
63 81
92 22
76 28
77 33
82 17
6 79
84 22
3 10
93 93
97 28
98 23
91 33
95 99
86 33
74 40
100 7
73 38
72 15
24 89
69 50
66 45
100 34
72 3
84 18
90 39
81 33
88 35
72 2
86 76
82 20
78 31
93 41
71 21
68 47
97 6
66 53
5 91
88 42
73 44
88 22
70 2
88 10
83 26
84 1
87 51
80 9
11 37
72 85
83 57
19 93
82 2
