100
100 100
76 25
79 31
78 29
79 7
38 95
41 100
81 50
81 32
15 45
75 50
34 15
92 24
67 46
69 48
75 6
74 21
66 20
87 2
51 81
98 16
79 8
97 17
97 28
66 32
23 74
91 13
17 12
73 8
21 100
38 96
68 11
79 43
73 42
97 37
78 51
97 33
83 78
12 38
68 32
8 8
75 19
13 27
69 9
90 8
73 25
10 66
78 2
97 2
15 23
23 15
93 44
79 22
74 15
74 49
90 11
30 2
76 36
69 24
88 26
67 20
70 21
98 53
88 27
88 15
86 42
17 68
61 100
98 27
73 20
89 28
85 11
70 37
67 31
79 54
70 22
72 2
94 14
66 7
100 36
99 20
80 27
81 49
93 11
89 26
59 91
86 29
41 31
49 71
74 21
73 9
82 99
80 31
42 27
70 42
70 39
91 10
68 4
85 37
36 37
46 75
